00000000000000000000000000000000000000000000
00000000000011111000000000000000000000000000
00001000000000000000000000000000000000000000
00000000000000000000000000000000000000000000
00000001000000000000001000000000000000000000
00000000000000000000000000000000000000000000
00110000000000000000000000100000000000000000
00000000000000000000000000000000000000000000
00000000000111100000000000000000000000000000
00000000000000000000000000000000000000000000
00000000000000000000000000000000000000000000
00000000000000000000000000000000000000000000
00000000000000000000000000000000000000000000
00000000000000000000000000000000000000000000
00000000000000000000000000000000000000000000
00000000000000000000000000000000000000000000
00000000000000000000000000000000000000000000
00000000000000000000000000000000000000000000
00000000000000000000000000000000000000000000
00000000000000000000000000000000000000000000
00000000000000000000000000000000000000000000
00000000000000000000000000000000000000000000
